[0m [0m [0m [0m [0m [0m [0m [0m [0m [0m [0m [0m [0m [0m [0m [0m[38;2;112;83;80m▄[0m[38;2;178;120;114m▄[0m[38;2;225;150;140m▄[0m[38;2;247;159;147m▄[0m[38;2;255;163;149m▄[0m[38;2;254;161;145m▄[0m[38;2;254;159;147m▄[0m[38;2;238;146;143m▄[0m[38;2;202;121;124m▄[0m[38;2;135;83;97m▄[0m [0m [0m [0m [0m [0m [0m [0m [0m [0m [0m [0m [0m [0m
[0m [0m [0m [0m [0m [0m [0m [0m [0m [0m [0m [0m[38;2;221;145;134m▄[0m[38;2;255;165;150m▄[38;2;187;128;123;48;2;255;162;146m▀[38;2;252;164;153;48;2;255;150;136m▀[38;2;255;172;156;48;2;255;146;134m▀[38;2;255;166;150;48;2;255;145;135m▀[38;2;255;153;140;48;2;255;142;133m▀[38;2;255;153;140;48;2;252;137;128m▀[38;2;255;149;137;48;2;254;138;129m▀[38;2;255;144;134;48;2;255;133;126m▀[38;2;255;137;129;48;2;255;125;124m▀[38;2;255;134;126;48;2;255;120;119m▀[38;2;255;133;130;48;2;255;111;113m▀[38;2;255;135;134;48;2;250;105;109m▀[38;2;255;121;134;48;2;255;103;109m▀[38;2;171;74;91;48;2;255;106;117m▀[0m[38;2;233;90;116m▄[0m [0m [0m [0m [0m [0m [0m [0m [0m [0m [0m
[0m [0m [0m [0m [0m [0m [0m [0m [0m[38;2;226;126;121m▄[38;2;182;121;110;48;2;255;146;138m▀[38;2;255;161;150;48;2;255;132;123m▀[38;2;255;147;132;48;2;254;129;121m▀[38;2;249;138;127;48;2;255;125;123m▀[38;2;255;139;130;48;2;255;124;123m▀[38;2;255;138;129;48;2;255;123;121m▀[38;2;255;137;129;48;2;255;120;120m▀[38;2;255;132;127;48;2;255;117;119m▀[38;2;255;129;126;48;2;255;114;117m▀[38;2;255;125;122;48;2;255;112;114m▀[38;2;255;120;118;48;2;255;108;110m▀[38;2;255;119;119;48;2;255;103;109m▀[38;2;255;113;116;48;2;255;99;108m▀[38;2;255;106;112;48;2;255;94;104m▀[38;2;255;102;109;48;2;255;93;103m▀[38;2;255;96;105;48;2;255;89;100m▀[38;2;255;89;100;48;2;255;85;97m▀[38;2;253;86;97;48;2;255;81;94m▀[38;2;255;88;99;48;2;255;80;93m▀[38;2;255;87;111;48;2;255;74;86m▀[38;2;150;63;98;48;2;255;89;110m▀[0m[38;2;117;43;63m▄[0m [0m [0m [0m [0m [0m [0m [0m
[0m [0m [0m [0m [0m [0m [0m[38;2;127;57;61m▄[38;2;211;107;112;48;2;255;116;126m▀[38;2;255;127;130;48;2;255;101;108m▀[38;2;255;115;115;48;2;255;103;109m▀[38;2;255;118;116;48;2;255;102;105m▀[38;2;254;112;111;48;2;252;98;104m▀[38;2;255;111;114;48;2;255;101;107m▀[38;2;255;110;114;48;2;255;99;105m▀[38;2;255;109;112;48;2;255;98;103m▀[38;2;255;106;110;48;2;255;100;104m▀[38;2;255;103;109;48;2;255;100;105m▀[38;2;255;100;107;48;2;255;109;112m▀[38;2;255;98;106;48;2;255;122;119m▀[38;2;255;97;105;48;2;255;125;122m▀[38;2;255;93;101;48;2;255;142;133m▀[38;2;255;88;99;48;2;251;136;127m▀[38;2;255;93;101;48;2;255;113;116m▀[38;2;255;91;100;48;2;255;184;164m▀[38;2;255;91;101;48;2;253;190;166m▀[38;2;255;85;97;48;2;255;143;136m▀[38;2;255;82;94;48;2;255;89;104m▀[38;2;255;75;91;48;2;201;71;85m▀[38;2;130;63;71;48;2;54;63;60m▀[38;2;208;75;87;48;2;131;65;72m▀[38;2;235;77;100;48;2;255;89;108m▀[0m [0m [0m [0m [0m [0m [0m [0m
[0m [0m [0m [0m [0m [0m [38;2;237;91;100;48;2;255;92;105m▀[38;2;255;94;106;48;2;252;83;95m▀[38;2;255;92;102;48;2;255;88;98m▀[38;2;255;93;102;48;2;255;94;102m▀[38;2;255;90;98;48;2;255;108;109m▀[38;2;253;91;100;48;2;251;123;122m▀[38;2;255;104;110;48;2;255;189;168m▀[38;2;255;130;125;48;2;250;237;200m▀[38;2;255;173;152;48;2;251;246;206m▀[38;2;255;172;151;48;2;254;217;186m▀[38;2;253;171;157;48;2;255;160;153m▀[38;2;253;175;161;48;2;255;151;147m▀[38;2;252;239;200;48;2;255;171;160m▀[38;2;246;201;173;48;2;255;146;144m▀[38;2;247;233;194;48;2;255;140;140m▀[38;2;243;215;179;48;2;255;125;129m▀[38;2;252;113;115;48;2;244;91;102m▀[38;2;255;218;191;48;2;255;117;122m▀[38;2;248;242;204;48;2;255;120;123m▀[38;2;253;200;172;48;2;255;110;118m▀[38;2;255;92;105;48;2;211;81;94m▀[38;2;115;69;76;48;2;70;63;68m▀[38;2;67;63;65;48;2;75;64;66m▀[38;2;91;63;65;48;2;70;62;62m▀[38;2;255;83;97;48;2;225;75;88m▀[38;2;193;71;94;48;2;255;83;99m▀[0m[38;2;66;38;54m▄[0m [0m [0m [0m [0m [0m
[0m [0m [0m [0m [0m [38;2;188;65;66;48;2;236;85;87m▀[38;2;255;87;102;48;2;255;91;104m▀[38;2;255;87;99;48;2;254;140;135m▀[38;2;255;113;114;48;2;252;232;196m▀[38;2;255;166;152;48;2;252;220;187m▀[38;2;247;213;178;48;2;249;198;171m▀[38;2;243;172;155;48;2;250;132;131m▀[38;2;253;204;181;48;2;255;126;131m▀[38;2;255;185;171;48;2;255;114;122m▀[38;2;255;147;145;48;2;255;117;124m▀[38;2;255;126;132;48;2;255;119;123m▀[38;2;255;107;116;48;2;251;120;128m▀[38;2;255;109;116;48;2;255;117;125m▀[38;2;255;107;116;48;2;255;121;126m▀[38;2;255;109;118;48;2;255;123;128m▀[38;2;255;107;116;48;2;255;123;128m▀[38;2;255;107;116;48;2;255;122;125m▀[38;2;235;82;95;48;2;243;100;108m▀[38;2;252;82;94;48;2;233;74;89m▀[38;2;255;88;99;48;2;255;93;102m▀[38;2;255;84;100;48;2;255;83;97m▀[38;2;153;69;82;48;2;108;65;74m▀[38;2;63;63;69;48;2;67;63;69m▀[38;2;76;65;67;48;2;74;64;68m▀[38;2;59;63;63;48;2;58;64;63m▀[38;2;186;71;82;48;2;126;60;67m▀[38;2;255;81;97;48;2;255;77;94m▀[38;2;154;69;85;48;2;223;79;96m▀[0m[38;2;52;48;62m▄[0m [0m [0m [0m [0m
[0m [0m [0m [0m [0m [38;2;253;116;114;48;2;255;172;159m▀[38;2;251;153;142;48;2;245;163;154m▀[38;2;248;226;189;48;2;254;163;154m▀[38;2;254;220;194;48;2;255;122;128m▀[38;2;255;150;147;48;2;255;116;121m▀[38;2;255;119;124;48;2;254;122;128m▀[38;2;253;117;122;48;2;252;130;133m▀[38;2;255;122;125;48;2;255;131;137m▀[38;2;251;123;127;48;2;254;132;136m▀[38;2;255;129;134;48;2;255;138;140m▀[38;2;255;131;136;48;2;254;137;139m▀[38;2;245;144;148;48;2;245;157;159m▀[38;2;253;131;138;48;2;244;145;148m▀[38;2;254;133;135;48;2;254;140;142m▀[38;2;249;129;133;48;2;247;137;139m▀[38;2;255;136;139;48;2;255;142;144m▀[38;2;255;130;134;48;2;250;137;139m▀[38;2;251;118;122;48;2;251;128;130m▀[38;2;216;73;88;48;2;205;72;89m▀[38;2;255;95;106;48;2;255;96;109m▀[38;2;232;81;96;48;2;172;78;87m▀[38;2;76;64;69;48;2;58;60;62m▀[38;2;70;66;69;48;2;68;59;63m▀[38;2;69;65;67;48;2;65;62;66m▀[38;2;61;64;65;48;2;66;73;75m▀[38;2;88;46;53;48;2;82;82;86m▀[38;2;232;62;81;48;2;177;45;66m▀[38;2;255;83;99;48;2;255;75;92m▀[38;2;108;64;76;48;2;178;98;110m▀[0m[38;2;77;125;132m▄[0m [0m [0m [0m
[0m [0m [0m [0m[38;2;23;29;20m▄[38;2;115;65;58;48;2;147;86;81m▀[38;2;255;120;125;48;2;255;101;108m▀[38;2;249;110;116;48;2;252;109;114m▀[38;2;255;111;118;48;2;255;117;124m▀[38;2;255;120;123;48;2;255;122;127m▀[38;2;255;122;125;48;2;255;130;134m▀[38;2;254;129;135;48;2;255;139;141m▀[38;2;249;137;140;48;2;249;144;146m▀[38;2;255;141;144;48;2;255;144;147m▀[38;2;255;140;142;48;2;250;140;139m▀[38;2;251;141;141;48;2;247;144;143m▀[38;2;246;136;137;48;2;245;142;142m▀[38;2;249;175;175;48;2;250;180;179m▀[38;2;244;191;178;48;2;235;214;195m▀[38;2;253;143;143;48;2;237;147;141m▀[38;2;244;140;139;48;2;246;144;144m▀[38;2;255;141;144;48;2;255;147;144m▀[38;2;255;144;145;48;2;237;128;129m▀[38;2;255;148;146;48;2;168;87;89m▀[38;2;217;84;96;48;2;185;70;83m▀[38;2;246;91;105;48;2;196;68;82m▀[38;2;116;73;78;48;2;91;110;111m▀[38;2;64;82;86;48;2;82;128;129m▀[38;2;100;184;178;48;2;99;202;195m▀[38;2;66;95;100;48;2;74;128;134m▀[38;2;81;118;122;48;2;83;134;134m▀[38;2;99;201;195;48;2;81;161;159m▀[38;2;124;38;55;48;2;96;73;83m▀[38;2;241;57;78;48;2;194;47;72m▀[38;2;243;109;124;48;2;255;81;100m▀[38;2;102;157;161;48;2;130;108;120m▀[38;2;70;145;138;48;2;89;171;167m▀[0m [0m [0m
[0m [0m [0m[38;2;39;38;30m▄[38;2;49;56;45;48;2;59;71;67m▀[38;2;144;86;85;48;2;138;82;81m▀[38;2;255;114;117;48;2;255;121;124m▀[38;2;255;116;122;48;2;254;122;126m▀[38;2;253;117;124;48;2;251;120;128m▀[38;2;249;123;129;48;2;246;120;127m▀[38;2;255;139;141;48;2;254;142;143m▀[38;2;255;144;144;48;2;251;143;143m▀[38;2;236;139;142;48;2;232;140;141m▀[38;2;255;145;146;48;2;255;151;151m▀[38;2;246;137;138;48;2;250;143;143m▀[38;2;245;145;144;48;2;245;146;144m▀[38;2;240;141;143;48;2;242;157;156m▀[38;2;245;177;174;48;2;245;180;176m▀[38;2;244;226;208;48;2;255;237;219m▀[38;2;248;187;173;48;2;238;192;177m▀[38;2;216;110;115;48;2;197;138;142m▀[38;2;144;93;129;48;2;37;33;104m▀[38;2;150;129;180;48;2;47;46;117m▀[38;2;143;135;151;48;2;124;130;180m▀[38;2;151;91;103;48;2;205;163;167m▀[38;2;136;43;58;48;2;106;57;71m▀[38;2;91;168;166;48;2;105;224;216m▀[38;2;80;137;137;48;2;80;136;133m▀[38;2;79;142;143;48;2;71;93;102m▀[38;2;82;151;153;48;2;101;195;190m▀[38;2;84;154;152;48;2;93;167;160m▀[38;2;74;110;117;48;2;68;65;75m▀[38;2;101;160;159;48;2;75;112;114m▀[38;2;158;66;85;48;2;120;58;73m▀[38;2;255;62;84;48;2;235;53;75m▀[38;2;180;77;93;48;2;228;72;86m▀[38;2;59;69;74;48;2;59;58;59m▀[0m[38;2;46;48;49m▀[0m [0m
[0m [0m[38;2;72;117;110m▄[38;2;86;130;124;48;2;88;135;134m▀[38;2;81;160;155;48;2;59;88;93m▀[38;2;136;98;101;48;2;139;113;116m▀[38;2;255;126;125;48;2;254;122;121m▀[38;2;255;126;132;48;2;255;126;133m▀[38;2;251;123;131;48;2;251;126;131m▀[38;2;242;111;122;48;2;232;100;116m▀[38;2;253;144;144;48;2;255;136;137m▀[38;2;255;145;145;48;2;242;144;140m▀[38;2;215;128;128;48;2;107;74;102m▀[38;2;233;128;126;48;2;130;102;148m▀[38;2;245;131;130;48;2;201;143;145m▀[38;2;246;160;158;48;2;255;216;204m▀[38;2;249;205;195;48;2;255;224;211m▀[38;2;249;202;193;48;2;255;225;212m▀[38;2;255;225;211;48;2;255;223;209m▀[38;2;251;220;206;48;2;255;221;206m▀[38;2;238;229;219;48;2;255;232;217m▀[38;2;61;74;133;48;2;217;197;196m▀[38;2;109;129;188;48;2;179;134;145m▀[38;2;133;131;158;48;2;224;160;162m▀[38;2;203;144;148;48;2;254;165;162m▀[38;2;106;56;68;48;2;178;48;73m▀[38;2;73;120;120;48;2;104;33;52m▀[38;2;75;102;103;48;2;75;45;56m▀[38;2;65;68;72;48;2;57;45;51m▀[38;2;78;106;107;48;2;35;28;33m▀[38;2;61;70;72;48;2;31;28;34m▀[38;2;43;40;45;48;2;41;46;45m▀[38;2;31;23;30;48;2;86;47;55m▀[38;2;107;30;48;48;2;166;34;60m▀[38;2;200;45;68;48;2;163;34;58m▀[38;2;255;77;91;48;2;255;74;89m▀[0m [0m [0m [0m
[38;2;46;62;60;48;2;43;44;41m▀[38;2;71;85;87;48;2;66;64;62m▀[38;2;77;95;101;48;2;64;74;80m▀[38;2;63;92;100;48;2;59;70;76m▀[38;2;133;66;77;48;2;134;46;61m▀[38;2;254;113;117;48;2;248;97;106m▀[38;2;251;113;121;48;2;248;99;109m▀[38;2;251;122;127;48;2;228;98;106m▀[38;2;229;94;109;48;2;209;77;93m▀[38;2;207;121;124;48;2;206;140;141m▀[38;2;202;181;178;48;2;247;244;226m▀[38;2;67;59;110;48;2;112;118;153m▀[38;2;34;44;121;48;2;84;96;158m▀[38;2;124;130;164;48;2;137;136;161m▀[38;2;253;228;213;48;2;242;212;199m▀[38;2;255;221;208;48;2;255;219;205m▀[38;2;254;222;208;48;2;255;222;206m▀[38;2;255;222;207;48;2;255;221;206m▀[38;2;255;217;203;48;2;255;216;202m▀[38;2;253;206;193;48;2;254;207;194m▀[38;2;255;194;185;48;2;254;196;185m▀[38;2;255;190;183;48;2;252;183;179m▀[38;2;255;185;180;48;2;255;181;178m▀[38;2;253;165;163;48;2;248;166;163m▀[38;2;252;75;96;48;2;255;78;94m▀[38;2;186;39;65;48;2;255;68;86m▀[38;2;157;31;56;48;2;187;44;64m▀[38;2;151;29;52;48;2;153;21;47m▀[38;2;151;77;88;48;2;203;95;110m▀[38;2;142;97;102;48;2;198;88;103m▀[38;2;65;44;51;48;2;69;15;30m▀[38;2;104;51;61;48;2;139;31;56m▀[38;2;159;32;58;48;2;203;48;74m▀[38;2;149;28;56;48;2;169;37;63m▀[38;2;255;65;84;48;2;224;53;76m▀[38;2;149;48;53;48;2;199;56;66m▀[0m [0m [0m
[0m [0m[38;2;46;51;46m▀[38;2;33;38;39;48;2;164;57;74m▀[38;2;59;53;53;48;2;134;46;61m▀[38;2;141;39;61;48;2;153;34;53m▀[38;2;233;76;93;48;2;231;68;85m▀[38;2;255;91;103;48;2;255;83;97m▀[38;2;191;52;73;48;2;202;51;73m▀[38;2;165;29;58;48;2;157;22;53m▀[38;2;204;121;130;48;2;193;104;117m▀[38;2;250;212;194;48;2;255;198;188m▀[38;2;217;190;185;48;2;255;183;175m▀[38;2;191;153;158;48;2;255;192;182m▀[38;2;235;180;172;48;2;255;193;183m▀[38;2;255;206;193;48;2;255;200;187m▀[38;2;254;212;198;48;2;254;209;194m▀[38;2;250;216;201;48;2;247;213;197m▀[38;2;255;221;205;48;2;255;221;204m▀[38;2;255;218;201;48;2;255;219;202m▀[38;2;255;211;196;48;2;255;215;198m▀[38;2;254;204;190;48;2;255;212;194m▀[38;2;255;195;185;48;2;255;207;190m▀[38;2;255;191;183;48;2;255;205;189m▀[38;2;249;180;172;48;2;251;199;183m▀[38;2;252;79;94;48;2;253;86;98m▀[38;2;255;68;85;48;2;255;64;82m▀[38;2;255;71;86;48;2;255;68;83m▀[38;2;202;45;68;48;2;255;72;84m▀[38;2;159;36;65;48;2;234;57;76m▀[38;2;149;30;57;48;2;165;40;62m▀[38;2;75;26;37;48;2;103;33;48m▀[38;2;196;51;72;48;2;255;76;90m▀[38;2;255;74;90;48;2;255;70;81m▀[38;2;194;46;68;48;2;215;51;72m▀[38;2;202;45;71;48;2;185;38;68m▀[38;2;212;59;72;48;2;225;63;74m▀[0m [0m [0m
[0m [0m[38;2;145;42;54m▄[38;2;235;61;85;48;2;220;54;77m▀[38;2;170;34;57;48;2;148;35;56m▀[0m[38;2;108;28;40m▀[38;2;208;66;78;48;2;208;67;78m▀[38;2;255;77;93;48;2;255;77;92m▀[38;2;216;54;75;48;2;232;60;79m▀[38;2;158;28;56;48;2;161;33;61m▀[38;2;167;51;74;48;2;156;27;53m▀[38;2;236;177;172;48;2;198;121;125m▀[38;2;255;186;180;48;2;255;204;191m▀[38;2;254;185;178;48;2;255;191;181m▀[38;2;254;191;182;48;2;255;200;188m▀[38;2;255;201;188;48;2;255;206;190m▀[38;2;255;211;195;48;2;255;213;197m▀[38;2;255;219;201;48;2;255;219;200m▀[38;2;255;221;202;48;2;255;221;202m▀[38;2;255;221;200;48;2;254;222;202m▀[38;2;255;220;199;48;2;255;222;202m▀[38;2;255;218;197;48;2;255;221;199m▀[38;2;255;217;195;48;2;255;220;198m▀[38;2;255;214;194;48;2;255;219;197m▀[38;2;252;213;192;48;2;249;216;194m▀[38;2;250;93;101;48;2;248;99;103m▀[38;2;255;65;78;48;2;255;66;78m▀[38;2;255;68;83;48;2;255;71;85m▀[38;2;255;66;80;48;2;255;68;81m▀[38;2;255;74;89;48;2;255;70;86m▀[38;2;207;58;74;48;2;182;55;72m▀[38;2;125;39;54;48;2;157;57;71m▀[38;2;255;73;88;48;2;255;72;84m▀[38;2;255;67;78;48;2;249;62;75m▀[38;2;231;57;75;48;2;218;51;70m▀[38;2;179;36;65;48;2;181;35;63m▀[38;2;229;67;81;48;2;221;65;81m▀[0m[38;2;38;33;37m▄[0m [0m
[0m [38;2;210;61;76;48;2;236;64;84m▀[38;2;198;45;71;48;2;176;41;65m▀[38;2;115;31;46;48;2;65;17;26m▀[0m [38;2;218;74;83;48;2;219;81;89m▀[38;2;255;78;91;48;2;255;85;93m▀[38;2;247;69;83;48;2;255;81;91m▀[38;2;163;34;59;48;2;172;39;61m▀[38;2;165;34;61;48;2;167;37;64m▀[38;2;124;32;51;48;2;90;18;35m▀[0m[38;2;178;152;142m▀[38;2;255;220;202;48;2;227;201;182m▀[38;2;252;204;187;48;2;255;230;204m▀[38;2;255;214;193;48;2;254;212;193m▀[38;2;255;218;197;48;2;255;219;197m▀[38;2;255;220;201;48;2;255;221;201m▀[38;2;254;221;201;48;2;255;222;202m▀[38;2;246;215;196;48;2;255;223;203m▀[38;2;251;219;200;48;2;255;223;203m▀[38;2;255;224;202;48;2;255;223;203m▀[38;2;255;221;199;48;2;255;221;200m▀[38;2;255;219;197;48;2;255;224;201m▀[38;2;250;220;197;48;2;246;212;190m▀[38;2;248;104;108;48;2;248;98;103m▀[38;2;255;70;83;48;2;255;83;93m▀[38;2;255;76;89;48;2;255;86;96m▀[38;2;251;72;84;48;2;238;75;84m▀[38;2;255;72;87;48;2;250;73;88m▀[38;2;154;57;73;48;2;125;58;69m▀[38;2;185;64;78;48;2;216;67;81m▀[38;2;255;72;82;48;2;255;71;82m▀[38;2;239;60;74;48;2;227;54;72m▀[38;2;200;45;69;48;2;180;41;65m▀[38;2;188;39;66;48;2;192;38;65m▀[38;2;204;62;79;48;2;188;62;76m▀[38;2;53;52;53;48;2;60;68;68m▀[0m [0m
[0m[38;2;143;42;53m▄[38;2;245;63;87;48;2;238;57;82m▀[38;2;147;35;57;48;2;117;36;55m▀[0m [0m [38;2;233;91;96;48;2;248;106;107m▀[38;2;255;96;102;48;2;255;112;113m▀[38;2;255;94;101;48;2;255;108;111m▀[38;2;191;52;71;48;2;212;69;86m▀[38;2;161;34;61;48;2;144;31;55m▀[0m [0m [38;2;154;53;72;48;2;168;34;60m▀[38;2;222;180;167;48;2;149;28;55m▀[38;2;255;238;209;48;2;190;117;124m▀[38;2;255;224;200;48;2;240;211;192m▀[38;2;255;216;197;48;2;255;237;212m▀[38;2;254;221;201;48;2;255;225;203m▀[38;2;254;222;202;48;2;253;219;200m▀[38;2;254;223;203;48;2;255;222;202m▀[38;2;254;221;202;48;2;255;229;207m▀[38;2;255;225;204;48;2;248;216;198m▀[38;2;252;223;203;48;2;233;167;170m▀[38;2;228;159;158;48;2;232;145;152m▀[38;2;250;100;107;48;2;255;120;122m▀[38;2;255;98;105;48;2;255;115;114m▀[38;2;255;102;104;48;2;255;121;116m▀[38;2;226;78;87;48;2;211;72;84m▀[38;2;219;74;88;48;2;174;69;81m▀[38;2;109;60;69;48;2;118;62;69m▀[38;2;241;69;83;48;2;255;69;84m▀[38;2;255;70;80;48;2;255;67;81m▀[38;2;212;49;69;48;2;192;40;64m▀[38;2;165;36;62;48;2;157;36;62m▀[38;2;189;36;62;48;2;184;35;64m▀[38;2;184;66;76;48;2;191;70;80m▀[38;2;66;76;77;48;2;76;85;85m▀[38;2;30;28;32;48;2;40;40;47m▀[0m
[38;2;192;53;67;48;2;224;59;75m▀[38;2;218;49;73;48;2;195;45;70m▀[38;2;95;47;63;48;2;77;52;66m▀[38;2;33;30;35;48;2;68;54;63m▀[0m [38;2;219;116;114;48;2;219;133;128m▀[38;2;255;128;124;48;2;255;140;132m▀[38;2;255;121;118;48;2;251;131;123m▀[38;2;216;95;97;48;2;230;126;120m▀[38;2;117;26;47;48;2;95;32;40m▀[0m [38;2;119;27;44;48;2;149;38;61m▀[38;2;165;38;62;48;2;159;34;60m▀[38;2;156;35;58;48;2;155;34;58m▀[38;2;151;22;50;48;2;158;38;61m▀[38;2;158;45;70;48;2;158;33;57m▀[38;2;194;126;131;48;2;150;21;48m▀[38;2;239;209;190;48;2;155;42;66m▀[38;2;255;234;210;48;2;184;108;119m▀[38;2;253;225;204;48;2;231;172;169m▀[38;2;239;197;185;48;2;233;150;155m▀[38;2;233;158;161;48;2;237;154;159m▀[38;2;237;154;162;48;2;234;156;162m▀[38;2;234;148;151;48;2;234;148;150m▀[38;2;255;135;130;48;2;255;146;138m▀[38;2;255;135;127;48;2;255;152;140m▀[38;2;255;134;124;48;2;236;125;117m▀[38;2;191;56;74;48;2;157;33;58m▀[38;2;118;61;68;48;2;72;54;57m▀[38;2;151;65;74;48;2;191;65;78m▀[38;2;250;62;78;48;2;223;52;72m▀[38;2;254;64;79;48;2;234;61;74m▀[38;2;169;36;58;48;2;150;34;56m▀[38;2;155;34;60;48;2;150;30;57m▀[38;2;189;37;64;48;2;187;37;63m▀[38;2;201;74;86;48;2;197;73;85m▀[38;2;88;88;91;48;2;92;87;92m▀[38;2;58;53;60;48;2;42;35;41m▀[0m
[38;2;244;61;82;48;2;231;58;77m▀[38;2;168;47;69;48;2;152;52;70m▀[38;2;69;56;70;48;2;68;60;75m▀[38;2;77;60;70;48;2;76;62;72m▀[0m [38;2;204;126;123;48;2;170;100;97m▀[38;2;255;154;144;48;2;255;170;157m▀[38;2;228;129;122;48;2;199;118;109m▀[38;2;201;123;121;48;2;163;95;94m▀[0m [0m[38;2;59;12;26m▄[38;2;163;40;67;48;2;171;38;69m▀[38;2;155;33;59;48;2;139;28;52m▀[38;2;157;34;60;48;2;132;30;52m▀[38;2;155;34;59;48;2;160;34;61m▀[38;2;156;35;59;48;2;153;33;59m▀[38;2;158;38;61;48;2;155;33;58m▀[38;2;157;32;57;48;2;157;36;60m▀[38;2;148;22;51;48;2;149;28;54m▀[38;2;221;132;143;48;2;198;101;118m▀[38;2;239;160;164;48;2;239;161;168m▀[38;2;235;153;158;48;2;234;151;159m▀[38;2;233;152;160;48;2;231;152;157m▀[38;2;234;148;148;48;2;237;151;149m▀[38;2;255;153;143;48;2;255;159;147m▀[38;2;255;162;145;48;2;254;157;141m▀[38;2;225;121;117;48;2;240;149;149m▀[38;2;117;36;54;48;2;92;64;68m▀[38;2;82;62;61;48;2;116;60;63m▀[38;2;208;61;79;48;2;155;41;57m▀[38;2;202;48;71;48;2;182;44;68m▀[0m[38;2;171;47;56m▀[38;2;137;31;53;48;2;135;31;53m▀[38;2;146;28;56;48;2;137;36;60m▀[38;2;214;46;71;48;2;233;60;79m▀[38;2;189;80;90;48;2;138;60;68m▀[38;2;92;88;92;48;2;77;72;75m▀[0m [0m
[38;2;228;58;77;48;2;225;58;78m▀[38;2;141;58;73;48;2;137;62;82m▀[38;2;68;62;78;48;2;70;64;83m▀[38;2;73;61;71;48;2;70;60;69m▀[0m [0m[38;2;156;102;98m▀[38;2;255;176;161;48;2;255;180;169m▀[38;2;178;105;104;48;2;153;96;92m▀[0m [0m [38;2;84;17;38;48;2;112;24;47m▀[38;2;177;37;69;48;2;156;33;61m▀[0m[38;2;78;16;31m▀[38;2;101;24;42;48;2;109;26;44m▀[38;2;164;35;63;48;2;153;34;59m▀[0m[38;2;113;27;43m▀[38;2;154;35;60;48;2;150;26;51m▀[38;2;158;37;61;48;2;145;18;46m▀[38;2;144;18;46;48;2;179;75;95m▀[38;2;182;82;101;48;2;226;145;153m▀[38;2;239;160;167;48;2;233;151;159m▀[38;2;233;151;157;48;2;234;153;160m▀[38;2;230;151;156;48;2;229;151;155m▀[38;2;238;151;146;48;2;242;154;146m▀[38;2;255;160;146;48;2;254;157;142m▀[38;2;250;156;146;48;2;250;159;158m▀[38;2;208;135;142;48;2;123;90;96m▀[38;2;56;52;55;48;2;57;48;54m▀[38;2;147;89;93;48;2;229;156;159m▀[38;2;132;61;73;48;2;243;218;214m▀[38;2;85;19;35;48;2;187;185;179m▀[0m[38;2;104;90;80m▄[38;2;137;35;56;48;2;109;53;63m▀[0m[38;2;95;44;51m▀[38;2;218;66;81;48;2;137;37;47m▀[0m [0m [0m [0m
[38;2;200;56;68;48;2;172;51;61m▀[38;2;142;69;87;48;2;123;59;66m▀[0m[38;2;70;64;75m▀[38;2;68;59;66;48;2;70;59;66m▀[0m [0m [38;2;255;181;170;48;2;255;168;153m▀[38;2;115;72;67;48;2;111;69;63m▀[0m [0m [38;2;141;32;57;48;2;143;37;61m▀[0m[38;2;101;23;42m▀[0m [38;2;122;30;46;48;2;107;19;33m▀[38;2;121;19;36;48;2;150;77;89m▀[0m[38;2;156;145;136m▄[38;2;155;61;76;48;2;251;220;197m▀[38;2;208;132;136;48;2;253;207;190m▀[38;2;236;158;162;48;2;227;148;153m▀[38;2;232;153;158;48;2;231;153;157m▀[38;2;231;152;159;48;2;231;152;157m▀[38;2;233;154;161;48;2;231;152;157m▀[38;2;227;149;152;48;2;228;148;149m▀[38;2;245;155;144;48;2;245;155;141m▀[38;2;253;157;148;48;2;239;153;152m▀[38;2;196;129;136;48;2;130;92;97m▀[38;2;35;35;42;48;2;78;72;76m▀[38;2;132;110;110;48;2;217;200;188m▀[38;2;251;225;216;48;2;245;239;233m▀[38;2;240;239;233;48;2;230;209;192m▀[38;2;255;227;207;48;2;243;210;185m▀[38;2;255;234;207;48;2;253;214;192m▀[38;2;229;201;179;48;2;255;219;195m▀[38;2;181;153;139;48;2;255;225;200m▀[0m[38;2;255;226;200m▄[0m[38;2;188;173;153m▄[0m [0m [0m
[0m[38;2;122;35;40m▀[38;2;111;46;52;48;2;85;34;35m▀[0m [0m[38;2;64;53;59m▀[0m [0m [38;2;224;141;128;48;2;138;90;82m▀[38;2;119;73;66;48;2;127;81;73m▀[0m [0m [38;2;92;15;35;48;2;160;114;116m▀[0m[38;2;234;212;191m▄[0m[38;2;255;228;204m▄[38;2;201;179;174;48;2;241;239;234m▀[38;2;241;235;232;48;2;231;212;199m▀[38;2;255;226;203;48;2;249;210;185m▀[38;2;255;218;194;48;2;252;214;191m▀[38;2;252;210;189;48;2;252;216;192m▀[38;2;231;160;160;48;2;239;186;175m▀[38;2;228;149;154;48;2;223;145;152m▀[38;2;229;150;153;48;2;224;146;150m▀[38;2;228;150;156;48;2;221;146;149m▀[38;2;231;147;145;48;2;218;145;140m▀[38;2;234;146;140;48;2;228;165;156m▀[38;2;225;144;149;48;2;236;182;173m▀[38;2;236;181;174;48;2;245;203;184m▀[38;2;237;208;187;48;2;233;210;195m▀[38;2;239;226;218;48;2;233;227;226m▀[38;2;236;221;211;48;2;241;211;193m▀[38;2;248;212;188;48;2;255;215;192m▀[38;2;255;214;193;48;2;253;212;191m▀[38;2;254;215;192;48;2;253;214;191m▀[38;2;252;213;191;48;2;253;214;191m▀[38;2;251;212;189;48;2;252;213;190m▀[38;2;251;211;187;48;2;252;213;190m▀[38;2;255;234;205;48;2;246;208;184m▀[38;2;215;193;171;48;2;255;232;203m▀[0m [0m
[0m [0m [0m [0m [0m [0m [0m [0m [0m[38;2;218;190;173m▄[38;2;228;200;181;48;2;255;225;201m▀[38;2;255;227;202;48;2;249;209;186m▀[38;2;254;215;189;48;2;238;209;189m▀[38;2;229;214;204;48;2;230;226;229m▀[38;2;231;226;223;48;2;233;216;206m▀[38;2;240;208;186;48;2;255;213;190m▀[38;2;251;213;190;48;2;254;215;192m▀[38;2;251;212;189;48;2;254;212;191m▀[38;2;248;209;187;48;2;255;212;191m▀[38;2;250;211;189;48;2;255;212;191m▀[38;2;239;182;173;48;2;255;216;193m▀[38;2;233;166;164;48;2;254;215;192m▀[38;2;232;184;171;48;2;254;217;193m▀[38;2;235;194;177;48;2;255;217;193m▀[38;2;255;219;196;48;2;253;213;190m▀[38;2;255;219;195;48;2;252;214;189m▀[38;2;248;214;190;48;2;238;210;190m▀[38;2;233;223;218;48;2;230;225;225m▀[38;2;233;219;211;48;2;237;212;198m▀[38;2;250;211;188;48;2;254;214;190m▀[38;2;254;213;192;48;2;253;214;191m▀[38;2;254;212;191;48;2;254;212;191m▀[38;2;254;212;191;48;2;253;211;190m▀[38;2;253;212;191;48;2;252;210;189m▀[38;2;252;211;190;48;2;251;209;188m▀[38;2;252;213;190;48;2;251;211;188m▀[38;2;249;211;188;48;2;250;211;188m▀[38;2;255;221;195;48;2;251;213;189m▀[38;2;191;172;153;48;2;237;211;186m▀[0m